77818338
28485077
82249453
63951962
10559200
24964605
30125794
50553899
17103458
19155194
82030111
69404887
83398906
90168275
98918447
57349370
37691163
57064815
46655600
20900988
49214913
77383952
15816194
99940378
78478449
22871132
67014799
32195406
48227576
69606904
71300574
97948860
18693656
44637102
85037247
31641565
48777031
62194207
39942052
35925034
94873110
94512712
22498150
78207372
20744178
77734582
73212177
12678240
26563573
20756056
87959962
80129770
66879600
51981527
89942917
12063708
92728868
79963731
53444648
88730801
86523464
33712191
89502431
39850619
70711908
76679503
22508257
74279307
82392788
99191504
80475245
48311479
51016681
85352658
21837562
62174022
66679539
11660370
26773482
71129253
87366464
80759603
37369491
36156455
83241650
49266638
89473386
99986797
30627964
61524384
51113038
19201505
85000825
87277602
59810927
44025692
29227817
97852726
52567001
61204072
36538312
29578429
65287201
32942605
37406661
26106538
56502962
22440828
95870048
49809556
12624134
58461160
40307344
98268227
68925304
68328457
59910366
10368391
43148097
73233589
72228233
68063981
66266997
38015806
49524828
30811297
70616230
40042985
36838808
21654693
27157894
70622225
68655028
34779953
49818325
72113173
36637959
81994403
14142726
74618236
40756065
47433525
50396873
78600154
96996955
52049523
78534231
29342046
46676424
87183193
94597681
30631233
94574053
19897261
66033008
90273067
22270075
43353592
16884922
88546501
60671783
27597858
41362385
31821276
35565366
24090921
59355717
87544622
56449706
27268606
51557066
14719957
24705626
93676796
82304548
95636557
43560757
38124165
27529023
38195748
64330791
67934267
23470043
58633748
71660248
63751104
20664065
47653035
35351775
18489250
13557970
34673456
27363713
26970956
69797550
99588554
34579162
57721066
89335166
13015455
53342766
81012051
52225557
53503504
14264036
99105040
49762282
20669012
81554712
35618699
69732096
34305584
15844811
88008790
55631334
70184021
12800186
95200276
17384154
13828566
73718732
86811656
50969097
21575204
24129080
34399730
60405351
58072919
78266301
28130536
83334299
34923191
67364394
44715190
31421254
91873358
96392343
42192348
22612850
86522855
88798793
39504376
18529931
92767685
50028287
95761984
44127798
73016951
49467739
91695020
80760779
69409987
56717932
39883697
22266353
94969535
17014996
86555687
66591061
63900672
37758362
54566860
31673351
57788521
67349135
31022561
42364017
77193893
57715157
40870514
17381108
85165103
13644595
76923296
48342030
72338989
81627270
17809808
22363039
28084554
81331296
40505409
39486893
90574167
69471444
31512049
82130535
46543001
19592566
89362957
77195976
26107956
43781434
43588069
42537901
99968063
31464846
62559086
88093174
40916118
36731990
44912324
99478761
69774548
50041755
71758711
67886261
29385875
47960135
82384233
89549924
68369788
25579745
52511722
92250349
13366765
33020661
34288882
17444199
86471749
61861007
40866554
50471639
76065999
34345189
87392631
68111530
32859592
30260884
44439284
68732350
16960014
88751491
82743626
17740954
30275304
70383972
96326399
18044095
91930476
19718873
75030457
51055638
24245521
84739507
54454237
54478216
59457362
58011221
72698697
33106476
17848503
53511594
89851931
32619794
92706566
93701370
91895392
16372581
83497705
46998425
63811852
41843885
21920223
80453255
29475942
44845148
70390212
74293308
67886399
44765192
56952307
44003748
82196322
41965299
92103428
81829947
29275306
14886838
10003520
23244463
28372874
56922856
12957209
93344920
96253619
53628738
90952259
95635348
65545354
47002225
51627763
60245092
14611365
81964559
46034382
43074832
22170021
13460000
26731330
41710650
75955995
70057784
99876095
44874511
75807511
41289019
45286166
66702937
19727020
77905329
93642985
83009672
73076442
25098578
72113510
65180475
16652069
78299785
78897322
24961679
26456597
77566793
74445996
70498357
20414196
41937756
88927286
93404379
90310180
69447859
70545753
49419854
67677725
44174558
94075377
73101370
65954563
97407895
62880976
11556620
43051232
92394488
62479370
51972728
80170627
71337933
91042397
13613462
46435444
33065348
86822586
81772327
53912722
24243649
27929844
69335414
63112652
52050190
52502020
45738586
42697848
38200880
26647799
88497368
10958035
77249428
26998645
13795173
44170518
13850088
61682030
65421641
25467697
55937991
71600354
84828574
60551974
58260108
68007501
30447480
60206853
58660654
62895519
77810688
59476430
83682355
63386743
99677738
16681603
71384833
47149777
29898931
61096999
16185594
17349364
16675702
82568854
92058401
89689314
81049170
76135259
11006998
84788594
18215906
16139365
75536478
44316633
80596372
31988843
46028547
46852523
42693273
62055290
53691864
61193329
69071861
50441372
83041114
44835299
93078582
72273575
54403122
50094018
86620865
80654879
84711512
34473556
19175239
44246216
95681489
14297597
55951703
94469453
94063479
29697806
25696006
62007451
46337454
22001257
38423530
12843996
45969851
78986043
16154001
46217466
89060666
12393571
19966917
19866314
41110835
70832611
17230292
27774304
34616414
57804946
41967638
87285960
53510732
54149121
56817370
53666938
42822135
44747892
73208853
57267470
50628794
56525114
90930874
13723151
97816830
92597928
13134088
27114483
54579303
56545571
97309231
58548896
18077885
85175258
45829555
76760998
69750857
78536255
13414413
74618420
59248216
68343971
51624008
55664307
94541472
49020908
43650501
34293516
56090957
43223199
41133350
69815029
97000094
18841618
57487497
55756169
86084355
34626162
99432956
18814500
82831788
26472924
32759103
78364531
62403796
66064629
86137717
98661716
73595705
16005698
74611130
71202942
18827091
90904454
27913449
79506870
41793731
34155718
59114858
27159066
26135978
22737992
56792285
37382581
34786213
54075434
82312625
66296612
36841640
73468013
68061026
76591990
13508119
33307101
79275904
96198963
87844797
89682961
65016373
14323541
22525944
89505888
64072885
67834836
51899376
10115075
79604050
29079245
46197637
30251849
17897903
23429198
10188529
29834381
21273024
14833950
84613569
17691377
33609098
10324894
16370758
29425598
79166853
84147014
21970031
72304986
71853189
98479658
42771509
39297213
34525598
31485930
41049390
56232363
46823491
62283344
61176223
55713375
80392493
52006288
68916520
83682516
35953620
70051105
60611738
38184626
60131574
57526095
18872839
96027211
75777128
44052271
17520129
15023715
34600541
92683696
52399061
27115223
38271011
55622442
12484655
46746956
75005411
87937378
94505119
72536110
28655969
72435220
34084297
50662450
52513462
11310699
70493203
36022715
90723259
38378270
62773140
56586288
42809859
83016583
70561831
58896936
64929080
93124323
65279266
92361777
99597475
29413669
69322813
52656458
18931959
37987835
83828010
33639475
58733006
51388246
36156140
24591943
22576168
48472023
68816985
62344914
17497713
85975825
20081343
65167327
76372360
61419617
51147240
65727661
35656754
65531843
34251839
73822063
33761738
40079425
62471342
83564565
43152574
98993816
71279906
69126487
63221818
92789272
73427496
67260362
48919503
83089282
51844513
67765269
51129152
30953100
78815010
23991229
36118505
11054593
42462058
28092699
66552525
88630656
62443376
92391738
29541110
90163561
86206351
18948891
65993327
92426243
46024632
26872922
48186086
60172545
78916357
34447216
26531061
48144900
32899325
45449482
82530998
67176402
55287111
82244953
53352263
85589173
46994936
90341367
96337132
78472307
88465421
79801969
64102100
58896997
90403956
46897269
90657268
74112438
27292101
17852697
41052432
66416698
31903886
68517317
17932504
78408040
61775947
25142847
16364463
41945462
59654389
97114065
38651910
89528207
10502833
57904921
91268967
51301300
21608233
64264301
84400654
71997996
87179384
60221032
54711345
54468009
60217023
39995286
91063009
88176121
34369365
76131000
53347337
85431781
67184795
65876788
79670930
53295786
50269420
40831644
40632233
58728337
61873332
58031961
51074072
26768685
52683032
74878964
87044561
34360241
54927699
78376064
19185930
28808299
60671009
81786792
37890433
66550497
35771729
94467169
33738758
97279235
55975275
56934589
52422937
33495522
16119641
13329209
43636763
92314285
91305416
17819326
71587924
28908943
18960383
88565055
47074013
76051049
32617281
51793145
21344101
41039492
34326148
87237962
45350947
93746728
84157601
92742197
93965274
42700696
98912818
36953108
12541351
60737297
79473515
60004456
37354218
43998703
65821200
92595665
94328143
44261231
51618198
80303001
83519352
26586383
59968346
12591082
72144968
95871634
91075832
73782432
46909391
13161503
50099530
69533497
95671117
35133193
89016061
31546089
93412709
86763178
23864785
75981258
47623520
24055528
73062381
65369009
28327450
21755481
12589148
34641564
26489869
36860931
60934056
30706119
65315960
63717692
36490769
56177246
74343851
71347504
14304490
65066060
81147762
43104897
69806609
64461873
21955739
27885705
42517641
73450611
72678310
36388795
54887148
11601289
64552231
75999924
38447809
62648221
50691100
19424850
15750696
21602151
38115635
45367629
11870599
92669114
60835193
22141149
20257784
21487400
47556907
71314304
80799874
58732718
36667639
20958721
53809547
78391129
58748118
19354322
21677295
19230389
33143611
35015063
30136369
22294611
49001755
36113831
63541978
73430858
23717141
47005824
53163980
10263215
84410460
77783853
11182053
33062317
88465060
74759774
95111375
50758466
11836851
96640423
45362932
44393294
81202163
93000308
69934849
83517207
73898267
18146282
23476514
25829373
58479869
88419691
28757344
94772933
61077612
83208248
46581141
83005713
60269896
34642994
23930504
83079920
57216441
58175529
62284690
79367458
73731381
74800874
40624788
61741753
76833587
71544631
41447162
14519908
23881255
83035156
35335482
14657719
28946640
95426386
97478389
37260721
87619769
99536366
78486977
11403297
22322139
19872262
54082209
17131829
65847136
45392505
98616982
89753504
98866562
28870938
38917454
61587815
30539410
69762831
70689787
99379529
25557013
39667532
46572351
21376329
75091465
38647336
71967427
30013657
32884805
11914137
91634919
46571557
27422206
97389969
21167892
46911481
82091365
34108276
24529197
84533071
87082734
30163892
18934563
58951161
31506988
27009419
45543335
53511143
16742744
33928404
57306363
46262678
51993713
35897351
56474978
63571349
15221245
68546127
11474870
39194933
22189933
97577802
15019672
96568525
83870878
40406108
93056193
91125415
31773820
13557808
52140151
49616907
34999361
76695500
19541276
60532965
97560027
68263632
27212641
28874645
94006764
54666059
62034967
25274580
49814379
47975994
21089958
95557182
29234792
63251230
52720790
45113216
38538860
27147321
92565195
38197662
59250046
22943461
10643278
63214561
12459970
94336144
91091781
40393692
75109309
93874135
27747845
75463450
45969972
99228990
90824638
50017638
76716337
41615626
15778261
58272183
33250471
56559035
35153231
53206709
75256493
72960810
92590056
88450796
78891366
13381690
66866116
48314626
76986686
73956285
75884634
81421149
35777255
85482715
59050040
50216133
56928737
96969547
34207705
73836840
70827396
45114958
57807884
57905571
42357303
66244467
83185865
86152414
26978849
96226289
65593521
65758085
95858224
36350639
64550527
59168163
96047687
62224909
80304892
79893779
35079879
83347312
68210570
94562427
25642512
19950397
37833875
15597110
56055853
57985775
88676707
50076022
18233793
69176801
90238402
23317564
79394421
91971958
88509793
80536548
95671127
98956740
26744562
82163067
79967964
33081285
31212697
12315662
98764036
30779220
85370202
52019870
93596876
98294123
36244699
49990923
75541867
79936774
77660018
47523866
13093314
39721944
88145074
32656787
31272630
86217849
80733895
97763407
46598359
32573650
56748547
72106116
84941435
55891121
74892806
17355935
52110461
16546186
20194506
22480887
41547011
42314057
61521165
10248834
72418542
11544203
37425936
97223429
30951254
43183183
99008383
65676314
36711535
30154517
53123590
97251800
54675554
44808774
53662843
72358742
78961080
26026177
18693020
80408766
13731699
31044333
28761993
79933239
44345330
57397444
39860700
12080933
68055238
82780896
12796159
26368073
52213141
55930547
39336950
77717033
76111481
72667840
45721022
12766718
49139168
99785119
64002085
88851967
22279279
47849758
51118150
10160088
49723796
61659266
82488864
16901306
73477287
90095467
94938451
33367436
78548667
39265365
54197622
91313671
36235415
85387455
27375724
99338837
13195088
15253893
61627043
33526018
55852930
73556681
42956421
84432450
43209649
20079445
59630581
36002010
89797628
85913077
41377389
80185882
90783799
43617290
60397092
70663739
45551015
56804926
72344281
98312290
13256921
22871122
48028351
25333953
22773535
40799124
89783941
97679453
46871208
63401324
14211969
86189162
32204987
51671700
27320184
20458962
83445520
41684072
74847244
98270676
80655051
40011475
44791107
26197193
88737558
29453801
31102384
36743938
41556313
11743763
19308480
63988302
77469849
83433701
59041443
63584536
52755946
39377036
24155732
11671212
88406418
12893795
31758151
59925402
95824060
22566052
33304239
13807667
32574934
80776507
95592937
84912945
47554183
70749622
24608136
34579571
45955536
79702361
56965757
50402789
44655166
97832655
15652195
87244158
45125833
65918181
84823779
53290317
98348779
64606797
49485993
66771618
52442094
82637353
15261879
46597466
79074108
43992603
12235722
40164374
87164244
54913214
27041683
66800261
63812451
50591409
87505659
29986426
34511328
86842817
23177094
69356073
79686581
40805431
80349397
79008127
39594135
36193466
62124486
36118427
26989814
15375715
69716918
84195564
57980816
56957020
75775974
78343272
11477280
48658995
56441723
93301094
70283701
75752257
90939167
36414744
78691613
59253062
73824681
34944943
53335023
55797128
42532527
92927800
18672589
48848318
86885079
83052840
63846000
60577290
76352183
91084420
35438286
80514706
51469641
18937018
71176853
86027881
69575593
77377624
80541155
80541732
52389370
42754581
32502696
28895357
10095799
73006191
69121597
50797947
22592662
64604515
78181263
20516288
70664587
14431560
65056244
34851823
92924387
63178057
40679070
72151096
37634065
37405437
68123565
57403270
59216677
99786846
65326258
71127609
50419585
48935137
69603613
34705222
80276303
65010761
55365513
88239282
68424545
10298397
32839130
22752205
94200922
26706571
16923870
57910832
49170181
98062140
35418294
30904166
60198225
11844163
62067167
64407207
71694829
52733998
49505628
13781824
86793212
44610751
83639042
74036494
17214965
88440501
44690527
61676328
71226394
65893443
80373192
38311709
58675091
81557282
16681982
45220563
90909991
31638594
42859772
71998614
95803419
92942688
18302865
96451221
25488419
62530675
17253983
36398950
72430808
67312343
23882266
96188436
94178556
83571532
68823821
69568456
26059489
51209247
89244357
96156363
63212378
85554607
67833561
28250393
24953809
51986589
73096779
46412574
48217463
74513167
93852807
55508502
97004065
67135368
89651048
35214338
68058218
35766298
61035902
45953454
14891302
30982330
13878464
10363866
52509829
11012889
51389966
46896106
83130767
81586101
54253010
97366322
45341645
22616327
53261486
16448618
42453083
64984852
64685550
67447051
81468800
10561671
58886959
65630766
32683631
46231198
86015140
50454966
76408254
44010567
48965555
36180222
47967043
47148116
31861281
52926743
79842779
96250324
54132581
49262524
93655469
69958256
89393220
56491227
91655921
40053949
23426713
24838821
83684188
29762668
63228900
96015324
71990542
52210410
26664633
77029994
37416332
75642190
73212491
60195119
89799126
16341484
75783185
11034712
47916325
44385542
22990995
98705258
63842243
21219234
68911187
56262623
11440518
54246903
70948058
14198247
32641002
65213185
59204830
23009487
16958666
95892404
56719501
35966719
47039675
80254925
18551928
57029021
11960326
20309827
78872863
77368767
79135453
35705365
36211487
16409821
21512055
66097754
12834394
40726799
44691531
78643477
91958571
52926440
21792342
46408072
26827647
58925677
46531452
76840371
74713994
23056122
84753870
87300769
57715930
99400862
47681709
21612638
10864968
48198948
21194118
18868758
10105737
49949885
99703739
25446092
70159460
35905867
46149794
85087027
12738814
86536524
38418854
47594541
91683409
32469729
85643741
13679931
37060986
83128144
40013291
33207219
48006433
27871149
85598163
71968278
65400415
57562684
68087530
33163295
36823092
37105775
38823286
20784061
66222543
85497695
93996110
77991908
75432851
73457854
28662163
53947554
62185644
34883386
11564779
78825343
79091641
51585594
72156655
78014020
41866609
82787828
43815167
61576679
18266117
32100719
87990526
44440083
36372030
15741534
52949926
70351433
28629633
80981972
23180306
15423054
25864287
21050111
44928925
97787930
54174389
53883720
48744576
84363239
24207706
53820160
17808764
27786464
26538364
66392074
17421031
70080809
96412783
61320618
84968707
26395882
24149613
83748057
66510181
31452170
48405495
81486494
73953173
95555444
40294847
31986882
45211454
32086458
40999322
94589599
37869458
32413618
69362037
73024017
62107995
36976315
57139829
34309642
23128352
54303645
64427695
31212610
21065456
10652544
69317515
27199949
48406353
62321931
19532482
35860280
22370170
25300941
64190561
96158934
80273228
42977758
64752306
63767356
78201411
86257351
28858142
14479708
33378605
88394106
12989988
65429003
37123186
77755250
14088037
91885230
80976117
77966312
16395611
35659905
90579091
58591151
29279786
67443843
21606473
51919661
27614351
21893250
19423218
13094901
88587070
37610669
11823622
24589350
36881725
42635997
26809115
65656094
40098858
59459402
76012845
16226044
82056939
92563044
96762891
43973266
53213886
34218152
68849683
66716315
13121948
18164750
89902860
49752280
70661620
69595046
76310787
32276148
71428695
99913348
67548380
90579715
19666619
69374986
60142307
22670772
50187372
38862378
85640611
88152370
37888300
95036641
68329565
12863982
62800245
68899028
27745556
91575044
26734170
49718405
48883909
10608140
20392331
25129138
93284021
55254528
41476215
14262858
75622498
39590469
90197516
23832717
26455707
14401818
37975615
70835500
49294998
59884373
33046792
27161521
43714472
64238585
32690923
67287435
42103049
20546952
27519841
33435633
65563957
51369775
32149905
98411422
94380143
90038191
61477160
76824495
51742199
85112814
77383153
44821287
75020022
43944099
61457846
40586097
13165550
52211320
66250949
29439703
46198780
70094281
33110859
89087550
73556308
29476126
32801867
26324143
37315970
43945797
83403179
86572163
44599499
51108876
94838505
16880683
31000754
32156312
67039850
73043866
30893334
35961317
17164403
31361743
57997432
84586715
94925745
94434178
93612635
50129033
30533618
37291882
27086660
67415552
85923062
18391721
32539873
63893071
86693728
83127893
14540742
42657430
98550471
35924132
67177682
67563209
13885418
44670131
78556163
40987520
70366451
20559994
97560452
59162028
73274673
14287735
70177225
66247567
50998720
16458245
91943239
88409464
84664132
15445010
95608899
36983990
52128414
76705476
96963793
93223311
16210671
83833529
58535271
70282185
31779659
70596200
65458204
65508965
29783676
11071270
80150403
87060075
87290992
94429765
56377118
32837729
11618624
18295255
85381377
95510997
76189021
32655760
99906181
99914825
76126757
11674255
58041551
69962616
73004954
45148785
65156286
19754955
24214836
91994796
14339930
34053150
54320122
60029176
58072235
88493746
69186116
36092189
28747656
25058388
55096433
29807355
65557015
55544455
48022543
96994208
23345303
34309020
49510301
23580217
63854085
24599922
92375452
34589849
46773703
11474254
85373655
96599694
11846652
85148370
53755094
54105562
96015904
27675657
64342801
26138071
70091042
11322020
21502613
63990987
63670071
43493064
83464991
33738921
27433097
24504281
69766354
35186626
33411331
44475396
71848469
78433435
85744442
63226713
58872071
14653179
72418576
98506272
97331801
20167661
39167597
53365477
73481180
75833571
30380477
10371015
79012704
35103041
73313920
17967001
98429578
51530759
48348833
11284140
34745022
61973887
58316640
26025609
14670161
69622655
70935120
54826187
90998102
10772956
49505788
25308822
56936341
94159467
52026149
28450458
97696565
91564839
62387930
17010025
73888310
29216122
94772962
86209359
57420498
57388371
97914345
94041427
68002645
40571626
48894164
95532492
48673573
90394199
30731281
39064076
72501383
79354646
68394096
10357562
83038986
97117609
47523867
67886270
29000211
92730461
97889076
29029589
29133190
56451620
22101769
27386820
50036111
38676129
14121846
88782632
33325578
46067267
77994328
29881708
35416213
78830088
24880809
28743125
12172719
91200355
14132285
88266807
63707405
81695033
82191000
90730571
98559097
35440900
63933930
71210904
45918183
33625882
33613864
28075917
37213718
63976584
95296199
56824497
67767263
17868952
35403031
52985969
24273438
76267891
11016123
11827352
47300794
18061151
51358017
28406110
67111378
44561320
74268898
44352023
18531845
87378077
87380055
46917900
56212190
19132978
74954709
83328871
77496923
47479363
35237800
43882439
42940696
90470776
26334184
38220660
10245149
60772547
53915993
95947436
62215361
46735750
78156261
63959324
71030457
75403090
66545070
91561322
35862465
10545363
41370223
36274405
40495527
74412737
53949314
75265644
24920405
54904243
28409839
58877538
31970106
11389703
95513409
59628694
34742353
32101307
78833669
62881360
91636007
25079458
62734762
79184187
30919813
52464710
88644357
74565119
77869103
53071086
36146148
55537667
73247903
89011899
21688938
12430257
14362583
57182738
87247317
36268917
19476209
68645731
64638363
25936977
73314883
81436575
31374733
90924846
50242371
21076624
13079179
70053508
17757034
99170527
12836793
18158739
22116510
39925083
80402207
86844114
81258039
17874154
36645656
12348071
86731110
85650205
37966803
20776845
32086289
92629437
43313403
21147428
22526135
37537577
54533844
72945136
39855339
84573545
58969441
70302263
75299084
16886274
11119447
68038618
83713367
34003519
49656642
25778127
97187933
77329992
77218104
77340784
65315955
92766222
60836296
52521546
86785172
67817835
72025659
63045001
26729333
81347806
39677486
24125842
46457766
21307635
22892753
13055920
12995393
18888762
64055141
36030579
85170061
52340839
16618978
15615044
34710925
44731598
83988883
38203269
73162438
76456355
28723665
86467445
26483734
33529638
99763771
65582287
46667854
57766693
46673567
22325587
72110583
71628693
67713809
24400879
36660662
29311817
32815262
91353866
77335114
15195291
56705390
75129393
84164834
56693782
49215567
66651370
36687381
97767406
87462780
39238998
68440830
93753215
66664481
59887416
58241042
57401845
54907190
82299739
76161730
97776648
43061075
48161025
47068586
39172450
16270620
62252283
69109720
16188638
22183800
62903899
45721903
78204444
73290809
21699564
39088701
33770410
87841766
99587960
84010266
53999133
71871292
53720684
52685218
60993532
52924927
36548407
38646543
82413750
10802185
60462165
34959236
80848481
26827187
17111048
53926685
26366602
11542206
70018401
56789457
15578025
92987628
67317713
58184938
35697936
47243023
50268904
92111521
28888445
59148332
83348664
62885973
79112782
18081354
18503128
82138196
28447581
52057220
36295606
27987136
69074634
32486626
31186867
22227129
61857815
32008671
76452768
32282896
19612337
64072760
73794922
69326091
70786648
84829717
29534239
70374238
36363563
46851023
71813005
61393592
48841035
89200851
17385465
49370616
57454255
48789406
41886713
73329024
94135556
26177512
41157615
47889314
71254846
63693021
44007586
41329208
80218816
53776122
70233680
28678948
61966791
91365976
80194051
63942951
30752385
82992528
65485927
43335092
74379863
87048836
90713114
79536011
84560862
58499071
71682062
34572814
95054057
23537669
75996456
91079429
53902754
10512091
19996075
96441573
34448480
83341412
74051872
74120462
66823308
48193009
92850735
96380439
35799438
16616633
71146384
56037871
97925024
32542308
63854488
27073449
95405344
30292495
41089751
92349989
41399179
51889868
63109607
55374334
23815937
11198564
63925636
31557650
90128047
49651600
59332534
44965328
50181121
12944142
53897309
25623962
89761155
96829256
53492799
87442273
13884019
85793466
57581409
74184670
77934695
40385784
54164920
12418352
92830605
62290938
39665334
44293802
19949112
10081790
83394632
22259211
37842650
92692686
13596854
58927421
10263146
45834172
77925590
36650261
95233290
79493799
75103336
52262685
94142192
23903005
26709646
19528461
86524395
50347291
20242411
13614553
15697941
16883951
60144214
95486180
96888724
58748734
11479611
13861074
67030156
67925666
58160270
47492475
22073253
59841003
44632813
79900027
69156916
33191687
81910226
20457958
31175560
71404412
46158193
80075289
12784723
18537489
88109748
89687595
87803956
29580429
67657809
15274627
10721501
65891607
21651588
20941187
73833190
88779324
98093550
76127842
35925421
27673615
42861450
31268120
44504551
61245291
33929800
53425650
93068232
70157652
43483976
11152837
46306251
34712444
24898356
86635327
10271585
37262138
28473305
74582062
90175379
81331048
97871562
65235988
42427159
14544723
64875894
55560792
24466789
68068575
37702863
11740267
13436559
64580390
72100885
77472946
25419354
43335079
80762458
13703625
39781900
49216374
61845702
30071692
30437188
41062036
95459461
45568433
43182451
16722777
54642765
26807699
93580302
10700175
66128777
73210210
17292695
14633657
55715829
22485298
35029837
31380262
28265817
73916529
30183146
35278627
28560419
57492638
51583647
39081353
61201267
17951934
45296238
87258255
99179444
86279196
93464378
95373350
16795188
13184369
21479559
73066862
68308326
99298423
28348896
88861980
30273081
30856596
57692323
65705975
35941355
60787760
27091708
68191365
27300903
10744325
46888866
93390711
68084314
53957194
65221560
38137808
23545440
50940343
19602026
54356889
59093722
57010930
26104802
63164133
38545229
17746955
42018556
45506344
78425714
78730608
42602481
95601164
22699944
22801219
20854283
71281092
99496698
97568670
12515490
52939796
18506793
33459296
49916431
84648698
83240312
57089953
39771540
92380800
28363656
67615956
91392994
91538314
59544603
15120759
27758870
61019083
37475792
74306724
22842231
40956713
86568158
45116741
70508859
79203261
45527276
27610468
63935090
20337014
68127632
27988381
44716179
67672541
23024227
32684980
29394978
49398771
35768766
22446787
80541306
23689910
39509267
95057804
61213372
36220098
87433705
91467117
78528212
76612885
18078581
52837873
27836581
11003755
54402514
57526737
18162376
36696542
97943846
78914196
38963120
43407710
67977952
19146297
61917018
43969479
21340022
21168652
62624221
99274479
78989647
91068807
19404214
19708207
96734607
54934666
73610876
26199882
14388097
89266449
51727662
41179738
60102179
73051101
60927816
89828490
52083099
30304915
67345144
92545362
80107432
90300512
68557697
39272639
33482838
12521986
14273433
46162549
90742975
87417392
74792144
31770185
95870339
34925171
41271649
51660818
42909186
99982161
83594758
50946313
71887816
20245146
61591461
42563226
49296468
80528291
82796676
32190465
28001389
10045381
51133256
74074688
47104176
79461542
75672969
21485867
85923640
78656399
24338574
19897249
44336104
25021308
30851242
92424917
64202967
82240051
37741746
89773770
36751065
16966540
38863769
83518045
42159398
74342351
40373163
15518076
55470378
26385978
49491042
93438441
40714529
27754216
48547561
17664688
19492394
85482975
74328715
24787789
37073557
84642804
65016697
64378520
30621937
18740400
67885543
55341844
19923286
12183925
36908278
73764191
22890062
12370833
79293565
95831709
62473993
86521970
89509330
13375091
93735223
46312825
43530297
65467695
53172230
38017383
49729127
39074181
85608120
75453684
30711985
16230645
34953055
19060478
42311894
70437320
80936504
35905246
97151717
40129720
13031586
69970903
27231565
88304687
81266745
82397864
84800255
58481832
89262868
52961089
16249153
41648562
87907223
72667026
44055570
63534483
34971509
51821438
38160310
49738889
32112069
54908014
34136413
72432940
29610560
16628483
67427956
76370671
80148117
96193251
72819079
27976389
52224361
62428085
24539473
29493728
27546606
55015975
68467554
75664660
79629215
82001324
91000555
10909274
45234197
96768452
55146665
34038513
12693769
46623859
50091244
74972191
15383271
35351507
62340419
28267542
36011787
28873925
34370630
80208113
46754074
86752451
68324096
79557341
98999040
17637329
91509623
99203541
28247937
36256786
24710488
52257541
34550526
26649463
26846532
35384016
16921415
33111442
12047537
92795501
27476631
91068681
56548990
27612844
72302512
11208997
94090904
79509847
81548180
37213706
20081986
56621491
37207773
96092161
98667396
83053222
58896698
79832049
74987186
95239666
69357190
76958573
73105559
17099167
50503558
21809255
87344959
85889144
22824511
24045697
74489182
85257259
55294706
66673924
35524448
36780308
25736629
33850858
37494798
95478547
90910384
91755225
15058841
69112176
75591587
72592967
37159641
38550519
11738524
75423121
66415164
49238354
46766983
70297483
44466622
88181968
62533556
34439570
27707029
96235364
17218159
21028648
33641606
88153785
79419787
75881763
15625435
97548654
60091058
26154411
12487554
33000966
51281896
69902635
19161341
97530199
28953064
61264971
93271994
10541367
42598709
38387202
92253246
64679519
82619871
33869762
81517933
19415275
14083669
24164178
70991352
57720446
20757601
19681978
97925603
54876546
18816964
62080983
13205553
59729549
28684014
86496559
13115231
29121370
77210781
40073051
51233288
23272964
12605167
92253734
39307272
67857860
65232525
36749132
66684504
93387447
81735176
32602495
98778778
90876348
85770316
38071258
60742812
20335101
11215212
29983953
41319029
23186953
27827142
10278802
28992569
30465028
50223701
47917575
79257176
40906495
73869715
26337656
10587411
91280610
60369033
71059278
80790940
12732678
12212212
19712498
27977546
84747743
29107221
55010132
95293430
41399510
28171798
24709256
81222389
30692533
22379796
64227850
14805553
83751612
27456845
35315618
43237990
61394129
40550376
58331747
52199031
21245523
28401755
81713130
68667663
43054844
34186386
76316039
78865611
63125416
38593270
61621896
48987648
19706250
94626255
30018557
11017894
55601196
47028031
56165415
27795152
70718994
15670030
32839029
90027259
83404642
65126218
81822007
86319323
34985686
74058698
78223518
97690086
77906602
76288861
24726103
15099198
29900247
87744475
64800281
49293434
16905318
67463005
65748441
72084948
24902978
20329902
11697369
96228943
86266774
67689236
24835021
27729183
66277432
59052162
17237492
27063736
99468668
48110789
71395687
47152100
21956328
20844210
68428414
56028737
92925696
28376493
67582706
40403780
90316835
14328633
69242299
82242934
26621766
45706715
93569906
14428730
74807015
72250871
90793414
58714067
48430110
22980215
29369992
46491160
33702909
24248068
23354595
99569075
47792787
80153569
70285737
97210517
96829451
27342948
88868808
55538426
65813746
87995921
38158427
65517332
29686806
36334036
11338717
86529623
66342921
28895707
52237304
16768096
14616133
72048782
94634363
71322115
69310185
75823916
38577259
89252719
81185442
46792963
24232496
95359872
35407269
42624972
12843809
41027800
17319968
39587193
87925084
70059024
70703131
77841112
62015616
18348789
98167948
85195271
46571502
36877058
48338005
70879682
28839808
66826665
56264294
40045818
45075220
36619344
93592931
52750397
47572869
83826312
28273832
67203838
27792350
53539899
35182655
78909505
80613693
55400008
34648790
97101660
60906175
34114015
31980012
61158973
83996006
34809524
48524541
94717615
11955221
78059615
15928533
27536588
37856312
75502163
89938182
68716032
84678016
36188025
63489397
38097461
23106636
95622760
20333710
41639072
95187747
41731779
35068312
76376360
48037598
43508144
20155810
20770542
59325411
88699504
21986333
50033533
11183883
23000992
98499588
92802320
69660837
37383563
78943797
15364858
10796180
33624234
63596899
36701366
29317395
22166073
13256613
73941017
50159990
32986918
26817627
80926841
67877375
89390345
58535391
70587435
27580194
85243013
22578911
58491108
77271021
56627702
84383882
47023525
90103262
69937154
90738711
37095918
62976358
88300221
25341666
94580670
95997142
61903275
61113265
56861686
64750580
40479890
97709703
17724085
52393251
97760480
35980399
89284090
20835738
40850788
91784845
80012057
84515862
67119895
11926990
12959713
70254427
69973253
91829654
35959506
96867964
75155790
97995037
75986539
23616969
25160135
96389475
82068642
57353813
38599741
26076369
88185453
72763426
14036697
12368622
96886269
65427052
46176287
78432698
14293643
27192079
99683729
21852586
10294603
54830613
37435376
84260289
42420988
18740960
93484322
72633800
68872097
68057328
98073775
43049514
99700682
11564242
93855461
23489774
89456267
40105126
40000156
97409745
13577870
37432523
45559444
94205951
57628869
28307625
18976378
52348142
27958071
86690458
48761432
14460284
33620725
17286990
32297299
35735481
48436868
81793934
80747281
30136019
39040797
86775850
65523717
69597964
28565602
11341490
96230741
63152915
20738353
51419065
82224989
23433122
50489574
80736399
59271118
67590990
20497749
54572191
54790146
86831088
95556339
91398632
87118832
56457772
69477268
10657083
99944731
92815566
92020540
59191141
55694233
90791165
40806577
72975788
39575264
96947844
77225925
12098959
96411745
39942172
48069342
80221915
95424242
59009649
67305937
42268179
45271649
98362352
87651142
49695596
65673003
47817766
96750367
93634534
14553912
74621991
33138017
58474549
53649714
11776210
61199265
37842405
94979845
69042487
72744478
25588879
72320784
77704336
47156372
28752042
95945182
42058105
85394743
58211876
35578648
97729096
11989380
74419279
44362021
21154819
45458227
64723176
35302505
86412546
11852745
88315974
16331938
76022858
93839260
41929761
27717795
91766283
68226923
26593396
81617695
53373732
45587079
86009249
10528552
24017924
51630275
46447181
66026492
98987808
21718331
37691338
83715047
74628420
28531391
90381750
34187702
80106250
31650007
84417857
41705043
75269095
29601144
32329101
38852994
58050018
98188481
98713646
21940791
61009121
98195280
89829777
12137244
96328810
31459064
97844727
58138074
13387875
96627022
74546138
71946252
63366538
67852628
82961074
27833034
72325191
18568604
31534515
40734828
71075985
46658214
33723590
49468674
88267235
31949722
73489647
63587225
97332540
85288737
40938536
54181422
85020863
26598368
30371017
88272941
98681466
73632018
91060386
72629412
40667971
73629249
32774443
10130825
57639615
75980499
22626724
46761340
15085321
82577780
78279578
93397310
29544207
77473512
62666136
38675543
86610750
52037813
36375960
26392367
45943671
68461411
28047443
45787108
74099297
58353647
20535619
17479050
26823566
15041112
40308820
88432787
94871724
29969878
67166118
68687946
15155556
48407338
51171329
54312186
39268690
25576337
66582998
76371243
93827874
79959634
52814446
30784268
14407363
82753271
61055538
71564396
64606104
67068694
85765986
93500391
29661138
90971810
96669581
47431805
23331159
11484318
26455158
58242912
23514783
43393113
92144146
28938799
28349974
37194083
72388426
82108564
46529469
99258226
61447688
55389625
62002214
64470269
89541625
40541146
95693015
20345138
59876777
37425503
89525447
10341047
62155964
17415271
29816052
49487652
95455286
45972368
35634867
53140555
44209428
60401144
70585111
26006158
53699222
41328476
81631686
73815275
39200455
37464791
66907669
22581261
84824875
13633865
86532030
39216127
66788741
68380755
14405440
99495931
99803330
19732990
75842900
54196833
65010565
64530171
81605255
72359619
46104453
89964280
86802589
55177163
80912611
81385392
50367650
70286645
88822281
67977241
98992177
80573028
50264414
81704605
88679142
99605626
33467033
34038620
53622221
65208742
76276036
24619401
40166322
21124116
42444259
77668194
90506004
59442094
49697610
36123320
74090272
56210169
81519108
52391769
55599604
49419829
85811982
20822012
42949671
79919503
93186968
67352802
70962783
27435958
39044639
51362327
41419481
46267194
91071915
79240616
49517618
60387216
45390625
46297970
18953555
85321670
97783060
84047479
13518179
87013457
54387334
72616923
95340688
84987050
38893507
24755666
88015173
84110242
44670240
32871568
49591062
75396035
97357611
24198850
31476912
63703460
57135612
35724112
74112382
23501267
25344029
34099352
25634972
65238206
89374899
16992911
69902035
39976230
96643336
10659455
66325039
54690994
15414835
40081902
35875007
63514144
10488806
44926697
65038358
87474260
68377010
78925159
42996247
60686694
19207394
82444305
45035287
11592575
37678121
66059539
41756507
80668226
19842446
74906267
88318953
42223902
52431709
61290765
40181144
87742693
49741434
42039872
53331550
84592567
48189491
60994840
53949695
72424589
43753437
39081336
91809047
53895776
15225762
67142152
41580423
45906250
63801057
53806431
10997995
37385857
91554346
44127455
71482482
31456906
34975117
80482215
35347202
40215865
73315214
52001564
79233145
27852100
60318260
25006607
66449295
44470531
29609792
13586571
86831447
20621383
99462907
36268606
82463460
13961172
20834857
41579522
74266889
35750396
61435801
83272966
29903416
84241113
35204574
44787869
51286667
82315430
41432856
57124387
84555489
71509818
10839659
24544776
22291745
72009251
25320466
91701498
52236442
50457435
78561420
61559219
30954123
54664618
81560948
79213788
23372350
38742423
83712878
77284636
11650255
33253772
25434045
42920898
43577866
63964805
89560434
40181899
89074290
24470900
57807679
21388944
40803038
22498229
93329871
65922367
13752489
55528285
34346324
73844732
66220785
77883098
95992067
43153022
12209737
79583691
70101381
97811144
60617214
93784887
32852045
96201405
49365518
18415697
89642822
57356933
40065370
46740267
18132251
21105291
15557898
69707016
34954018
26799646
75099005
37688398
37222374
13195319
37437675
17089050
86544975
67161946
86959002
22124398
45240560
89934229
36405305
95669637
79930093
59084069
52492893
68111432
81276935
56209208
92872213
80201177
83213766
38986446
61816492
81887692
31670849
62044472
68992762
56216437
27239053
85761475
22046311
75474908
99960640
77510894
57360894
29056205
17346081
81406934
68533929
98335116
35282798
16715699
50517903
55848870
12361416
51904763
77278598
76521955
47729727
40557220
80453559
97160024
48599926
26094855
58562125
25627507
25577184
72815065
14481931
66007173
74053106
95249222
60159191
41519442
91808327
43250164
80314106
55135996
88273941
88753145
57113200
90769340
70585693
78804786
13122251
67055340
95053008
80033102
81718632
93316708
57205638
55016531
90966026
50281429
98992531
43164630
42103971
13342181
43232443
33602893
32908863
78750031
76527598
58768003
48216080
17043751
57670497
81667236
78584982
71851067
16880842
91779832
57572331
49482006
67195320
68431917
81546792
35255070
46767628
53669836
74800248
76930525
65752216
76403278
72417463
19133138
44184392
88705990
23276331
34421300
86741185
30421358
71216254
99107252
47400612
52653677
38450034
71796699
42260816
68780834
28283629
56638469
57631821
39674834
62317474
60320180
63931674
70058005
75907344
97169570
82481888
65147890
45692799
96838989
49120943
91031617
70337117
65076914
35791567
76211095
77998168
22737129
48892869
65929379
68845163
24851198
46032907
58132213
38649475
73513813
66211661
38850165
64731325
58889882
85450183
33282021
28736894
15853765
39574225
53973936
60023699
16770071
94419208
44416720
45454291
63329574
73539848
11962840
53830067
44462605
48746939
40647242
34786298
95255395
76475624
74923222
95767511
23045206
56497603
93033790
97650913
44435968
22676080
83093003
73952439
47714406
91810781
75565292
42532635
13992254
54402147
72910735
45303426
90508703
11625445
70327472
95968040
52813054
22424678
51124464
62467697
11403368
79093185
24307424
51841150
13563120
97146572
93468472
37161304
96857480
98112380
92940075
47459786
48710907
56012573
49225190
89875765
95454523
74505790
37789365
27904785
94997078
41742909
54720965
31036800
39003143
34996970
59783172
19143440
38567145
34347611
68903204
12524358
27077964
89499455
34242433
27136910
68426032
47603477
49560138
18474339
82552024
81075312
47161558
32294865
77479103
53831080
11843709
60391195
44054896
55726787
16890746
49200560
36309524
45572020
16660743
90220349
77162908
49499076
26759445
53152092
26205959
14558350
24183333
74720234
22963536
99438756
82322118
58107894
85195896
69184464
93594068
67672491
21552757
13986408
26425170
19070481
34107795
77859401
47358338
68469812
60927081
91619638
16467209
27396660
30361032
74093322
60939293
29517846
83983114
41175707
76767453
80565010
43583563
71679702
36077954
49709492
42518560
94242795
79789591
68020558
61729553
74961375
93564456
11663708
75341141
27318337
14109065
82830857
67807919
21074932
49963072
16325706
11930980
14023467
82851344
29367593
49086551
41116148
72033955
43319452
94048323
87102059
54237011
62184851
53532309
89491477
69929617
37053412
90317105
50741634
71709938
96554382
34748552
82778883
92888779
22502512
74749538
21088025
39440110
34826177
40520821
58108871
41803404
70504587
54660564
18840092
46775669
96571976
98735869
95560288
96663292
23757973
31970831
56356699
39308662
53932309
13062680
25016637
77084513
52940133
86918957
97848480
68780215
61083219
10521329
50055652
54934541
44200569
73285430
35434151
21200148
21852169
82548733
23213266
11770139
70426356
14324642
43975598
15117354
83604106
10595160
23826387
71794891
21842025
11387166
85032672
54601079
48182318
16362822
43108087
60331713
60590987
67892926
90565792
37485763
51899428
13983565
98964097
52197195
11879891
24887448
38614332
12400435
85123862
63264576
52487141
35884495
72445718
90895657
50041599
27107028
52164694
68130770
78403683
69674354
31839088
46796810
59311534
74668956
18072806
41063919
21816340
47689745
66354989
52426717
31213021
47906898
51225512
44687392
63741211
91015269
58668452
68684621
99889144
25110598
68136058
99103935
52752937
68267115
26898136
39543469
71842815
60383091
86595097
25286501
84350364
47278698
75743695
48006439
63090882
36717755
22126307
57537696
78187591
21845171
19395284
99810690
92191525
28460718
19682715
27038524
83128110
63850592
26558383
17908827
85315932
14013378
15618852
47567485
31080262
35317398
72215151
84130925
66577071
80017305
32261444
86549728
25493689
78943173
47010592
28974283
35837504
63635939
90797151
19404448
65806692
88171298
30856990
94109420
68865865
17605291
64212294
93009975
95391134
92835194
15888867
83460796
36668770
16057714
73533931
76519563
39316946
58644339
68066195
88979196
29768445
28690968
84996478
63254646
73735879
14123658
17917969
88197981
66014472
98946687
92141154
26509209
81156564
99955155
51354446
54859968
41126742
85835969
96508841
62148575
50061141
37132222
54275216
95175530
33520985
19224690
43829723
88152381
42746086
32349011
37787695
19954766
28607847
80679648
12482480
43226994
63144056
81074259
41157448
22801912
38214613
15489489
85074374
49251318
59891368
83971639
62577630
87340389
53248081
35971738
44369484
33264951
19072698
90355433
63916543
41017771
80186834
30789467
75552545
95411855
60836129
15574535
51442501
75529766
75208845
19707922
27896492
44523172
44399144
51976322
70091188
11831253
63486771
21611185
50456286
26663390
89743412
92736862
70700666
38721180
47093551
33863390
86658545
90365481
13173764
66707824
15142319
54760317
11711845
11441837
49397547
11024560
85193457
40160926
40682260
33010013
49063666
48809704
94158874
14538275
37698850
48805077
30703685
92115824
97533255
18022486
74842225
11428748
34700999
99782729
33024030
72123952
82947768
41366339
43120782
59800238
81761962
38097326
67244659
62511487
22333207
88762062
61182638
73702103
80668793
94250095
66784178
63493347
12100982
95040813
67876359
10412962
89130167
80184800
22216939
15140445
59246294
21779362
85057043
39600837
19547509
85513598
51846799
86648615
64225772
58535499
31571150
14035610
68521393
83403441
10268149
24689663
23566956
62448359
50260380
25420555
68772040
23296181
49476097
95827548
69437971
41149380
13077255
98390507
46616656
39396643
36500149
60892583
97500785
45788526
17600333
27481363
45961534
12551613
29093187
87598710
41589445
54527594
71746267
82357018
54234817
60603442
72533199
36141493
73313291
74358426
98807107
93326396
74781132
86428697
76210705
52532632
44630606
44309504
52058472
85457181
92510448
13562756
62726417
24853157
77354292
13381482
75571533
85299273
13381747
13075405
87980507
17046843
12630704
24357775
27226006
18136515
68740105
88199258
28033466
30297556
12245321
42430802
19240135
56361034
97342875
84247385
56092030
95441347
71630554
24423550
57059208
87964695
88648067
24108419
39791926
81482357
46637900
97596041
82613987
42738203
60469710
21699034
88274038
93038513
73720157
99822931
44801796
96614211
11382264
95145196
84550418
88531034
95410780
71995749
66093048
90905141
24979763
40771215
53293793
32489897
20017641
41065013
38509038
75127826
87106719
23459237
96673786
90587637
93031481
99271006
14102520
56601268
47595923
60563543
84798841
18398956
19193424
46850154
42211658
78001135
59382354
38329052
13393339
72130246
50115081
90374266
82677073
74687574
63568432
75816477
98865374
13735426
26153049
26640062
90872675
21069833
42921951
65068992
12575160
57983105
79665566
65064368
96145286
27620025
57106248
76715008
78185615
49001864
73376397
55805081
14718812
63879325
89974039
64659302
88661003
75423601
68526193
56228337
37192650
27169456
59955094
12762998
57409447
10704158
30656540
42429917
29788292
57687076
14816877
18614100
80381606
64948347
78723503
21404937
84078956
57703412
77835974
15230337
87903004
80552545
56176623
72746904
81404249
12734244
19411981
95809173
74013489
63889746
68001409
95080041
46794323
81673731
68875826
81207044
64202846
75757368
18802604
31657428
86806484
22245097
70194660
77331548
21109293
64964011
80072345
31635693
70878344
63431419
17230167
53187587
16883580
85315754
80730262
67150398
25547149
18016996
87184639
83179130
51610298
10052830
29454670
67157390
25074867
57921820
64150098
10444318
60531753
21149532
63350418
91060253
48040381
84348962
18129162
21100643
92824474
41634785
77570451
54492007
18456478
14245315
17868256
14195737
17086387
84766997
29526820
73220575
82463549
55377234
78041681
93438121
74962379
94194428
36159027
14800560
82712943
29543901
17757015
58931340
92908349
51799666
13217036
86031236
26559043
35598335
61428208
35902289
42202559
69960908
79065971
15145024
78200901
36887769
76035141
61982296
85611199
56828239
29024555
70171490
84997096
83349174
96219273
61848779
70570287
95577260
47755662
10718578
77829940
85331778
42814349
70750223
50546544
77354740
26567660
58719935
22167409
51276482
75342645
72049584
39761730
37821679
41494474
13762277
73722985
94440021
62627125
17454374
50173321
70150243
45373981
45224328
36650536
30692021
75990101
16045076
60718091
46463822
90381967
66441495
52175166
65417333
94412974
76973830
94698672
66944297
88901561
53052427
15969914
55782465
56342763
20301872
15393728
36873893
74387559
54546343
17011120
39800099
90610824
98142771
25605544
16783343
32143447
95297591
64390388
66203286
17738201
58757301
57650285
30573305
22740051
95780061
47603714
29645940
17844054
50424918
86830079
65816111
50308122
23019202
15776784
85814167
19389191
63948253
23360193
50310030
75334783
75005397
65794242
35950644
87965886
95713733
89423131
14591332
33154993
65868376
71720654
21356878
16764239
39648603
84988175
49528729
84939134
91070819
91338931
60934790
16478411
97418387
48343010
40095660
67052995
60047932
82551271
84976957
82652695
51901956
74173136
29648314
66013952
70660327
49370075
37490801
83309243
96131887
68632706
29493826
49858306
95338024
12263038
61202542
12550037
74011230
96297067
67135741
67761535
29903314
49960036
82694497
79685928
69368148
37539613
29152750
48314336
90660998
23669125
55166844
73871244
90340896
21156548
39174968
68007419
37135838
55932004
51716261
88757462
84098438
80539660
50826419
76310198
78529817
86008806
21904762
50785872
91089814
81336866
72547603
23401931
64598245
78865812
18392979
89188914
62135655
14012025
35832229
95202565
54149783
11401431
93022531
21982826
11419613
44294018
88244369
82465903
14459194
32566742
60561493
80443492
53058674
11170967
69626862
22005975
41223084
34883026
13450499
40274484
13703807
67368404
18722764
19289762
68813114
81098551
30246134
32736397
52975139
79958268
98124848
46822607
52159960
63449025
25433443
46887418
44826839
35556383
62407678
96859460
60903193
44835234
69659536
60698969
14485990
47860269
49902229
18154226
73297354
58538226
92768429
38859494
60954196
29572998
63651644
94034427
34656801
58060343
10332987
56955007
31739527
56504805
98540384
58576301
90355401
31190329
24675052
41655592
48642038
33163382
14547088
75114020
47875166
84457064
12676093
61317028
31475890
48665720
63343879
65122781
36644663
17514849
27635061
92768058
68496679
64498045
21174887
27644281
88420388
81836473
34086244
98622066
48936409
71293736
92373760
86483064
92841007
26453464
18618153
77266285
81334919
58561279
91121501
11456516
88858783
10182456
23328144
26667987
63199329
49793682
81005164
87387925
35559551
51683423
94723424
30337845
88638296
81013977
97063700
66526400
67402493
24686304
97889672
11073020
87911649
61403615
54191560
77497362
88784285
16939980
36474190
13552998
84231774
87016781
66521716
26793479
62411884
55580792
58998932
71702722
56055511
42096947
69161662
29160913
59175616
30057531
52497685
67331889
73036737
38262976
50323782
74360337
33505146
89061420
98978726
85968102
51819193
76077572
72782568
49470364
32088901
55473639
56096887
33944422
65404871
47741108
84985974
60209334
74067286
92876361
53668562
51535646
64662630
99431680
53962073
96084907
70507567
74961496
77342198
29839704
51863504
80984205
47651951
25679950
41359931
80513096
58213994
84288827
97665805
58697313
87354003
49895442
51345550
75258170
23462641
91951224
26909015
13310903
33798100
24841298
30907790
65017309
37797227
57675368
92584141
84634118
60589938
30827190
69518625
17545663
83968776
46321999
55170750
28742942
18975342
94591856
84471811
15565068
22936987
60631452
39539593
47749054
35969783
48195749
95791785
31462155
30063012
26767706
24926348
87177382
19425324
65834571
65618477
60353771
50695822
27121573
18347999
87590901
61006684
80815723
36290140
69198975
28504492
93803107
91543758
63292464
18094185
16192847
32528526
59496663
59510068
54720990
37178600
85392143
74249561
35366328
37328767
12968545
53632072
68156783
15494094
76409863
34252207
17455123
55619290
64949963
76463536
53681508
99209206
85122318
79363268
54231586
97233714
69427813
69403180
51449729
47307234
73304542
37514767
86493497
47048646
77340768
17742773
93572793
96200539
49434032
64197342
30716283
92075709
39049872
53739200
28545207
28688514
97860252
80351265
63684969
24086058
10678908
24554438
82897428
80284753
43892491
49102258
28937862
13553670
18436240
47280956
70976541
71989727
82151561
75612236
52766073
23977949
64872544
64326930
23866306
74154733
36670412
81274073
35815186
66322187
63201607
65090806
96824193
30177153
15577639
76745562
30720460
40301390
15217500
16308423
76340385
40184737
94411077
36601760
69553418
79532932
11170008
41747443
22610710
58556651
50034060
23512922
90072561
78797194
38331309
59836818
51210410
64523319
80340182
15245619
85610102
20570290
35637692
69264545
30903145
53274469
89493571
97346103
67632090
25425444
70163757
72972049
16403299
11714438
15126381
23062771
17544069
70746458
15244442
31932250
56626152
85150920
15022207
77086620
38286783
31252358
24509007
37812158
51753546
80037299
49674358
24776786
72076533
14937683
97821066
91796235
20942494
39665640
65510624
20021855
19400948
86628777
38104251
18638807
78787579
14849890
83055904
26785142
34038827
32119655
39658949
31686724
62672824
63839414
71221032
30431341
54176699
65810866
19069268
59630780
78677029
86936364
17319425
82913699
28451634
42882435
58537797
96417333
81458423
83441087
55511614
43051318
96421352
51366859
24384108
37214523
60146758
72004764
10309162
81634973
30944107
82576199
15524874
31648542
53250757
31695669
51240445
85427653
45680430
19347502
98839903
74572479
72444301
12419532
64277643
81583997
71051408
37805638
96570419
98771934
81301816
75421921
90407352
41291450
55602874
20773315
48653975
93566459
65474678
62097639
96591603
66706661
17260817
84594986
36833978
18082038
53738626
46236663
83065575
91051732
38215630
64428468
46737491
49465293
54642631
41279498
82469999
49670493
45703702
67600119
90898410
82328576
57254842
74928682
80221406
44205244
61516829
41445227
99978911
30873830
95554335
24376969
29551526
37609739
62523406
59127960
10382270
71956452
82530206
26217854
92748124
39919136
27335256
92092426
33078805
76949850
91203490
39629374
36938560
83916074
11289005
13871912
50843095
14124643
37047167
40543342
13296170
62024588
70241170
11718650
46709598
86872352
48088891
81624603
21793715
15114696
48074666
22479171
76711713
97212523
75753304
40139946
69454464
95151241
13695800
42109257
41285960
32446925
85882188
23726214
73867079
61653156
43726535
21255211
84468902
17092766
41999484
85110289
74022681
98959251
33247834
18495891
37234152
52755680
66719621
49565604
47354651
89905615
30856081
56775549
27255746
21814805
56500445
34448110
73318878
83405684
42792202
91808496
49533057
17973399
14408878
84725915
13639680
81617051
54460351
72639608
68683627
78266013
38560628
16174327
28521234
75663379
43829962
74138220
41884636
99212534
36014051
30843454
74974507
86851198
87462458
45388583
17984862
23509887
87340914
26999976
18627055
94991072
77193799
19266573
68727997
44974387
83588517
12985880
88432613
36458358
24440407
61385933
33484361
12246118
77966680
92388953
67874482
38479226
81170630
51425184
13173650
70474755
55475956
25333730
64810850
94548446
83376158
23712521
28532778
46368951
54758289
88799263
47840397
94325727
53664532
79373286
23439158
96022001
10969329
38009591
44777134
77128376
13204248
73462813
42082025
29904501
50250137
94001506
66878283
28258167
45827686
84260032
53410011
50377148
16379544
36576771
19508332
89621595
26183646
74601578
72509252
62283981
54424998
80577381
38787938
48973048
73162930
26998420
67400154
82376282
92054295
87078565
24446159
32558666
85546810
68141490
28634622
17887338
45306400
83463197
80587494
48369725
57746496
19954459
80478593
25823729
92976836
14235881
85183122
62801501
53973979
88141724
39877008
62816042
90915389
25147285
40425519
89387405
35706685
74424851
58770439
43416626
53874948
77938914
68442723
51505716
21982959
41690545
70620713
29357769
58784519
50071425
81357921
13008123
29851801
56263738
92401635
35825169
54425970
20519585
93474316
58563513
16239938
82733838
91789389
10621161
83565371
92133547
49974356
79320425
72882033
89925548
26518947
93405641
58804939
84778561
22620699
18605632
23036122
35189868
16695354
25520347
97982083
89974494
36177816
12382492
53628643
21721342
89528911
60198168
32067131
21951740
23929268
51631035
35910168
61737568
24992535
89105099
83849652
14962302
98875323
83730141
59158649
40692946
28443090
25347684
70153265
23105473
20288034
30687245
16237001
56594362
99106594
90641823
40652755
25076150
26032491
99075740
97228187
86733961
80367627
86217355
77345293
50124164
11022857
83623281
55441987
78148666
38475127
15515998
97280175
41649248
59703725
59201699
88284642
86016078
76365479
76882337
73270390
31577762
51492605
41964732
86021918
26607619
96470523
65401199
30154312
44561923
78644444
90692473
81192684
89720350
47894696
70161846
91045876
43735135
38912423
68633736
72340168
28997282
73277825
23593716
12527349
52237172
85215219
30368841
11496953
56246934
40576176
57357562
72612013
15496353
91649874
35552013
79009487
48844355
53298299
40857132
45959212
35740455
35786893
72815833
52730598
51655027
90828161
13075135
61522795
62885480
50994723
89385571
71213875
57344252
14432505
70699779
54526769
87098210
40007571
57360947
17158783
76546421
24738057
30153698
28811764
25198531
23190992
31248606
12331319
15328347
48620081
23253446
10372175
70263551
42283901
70132204
23717164
21166379
25064858
32754634
87674400
36985094
33005575
90696958
48941683
63520653
99221070
88452550
63492996
23744937
55469716
73948607
92392969
23026231
26980515
88746517
26987702
26847939
55834240
62705421
25303045
49600760
55707952
33870885
80769004
26656059
93323134
98246207
22554658
36468516
19031923
48910505
27806814
41574682
41326052
33554631
10715319
38873481
66698021
37307487
20400682
42644931
53012699
39560961
47473850
66795760
48947312
46344849
93179314
97993395
51955999
32465394
42052614
71275868
54332847
54318033
59665624
54808899
51776700
62584331
70851606
94952775
53581488
16028988
90098112
48728419
83860561
16216933
95063367
15364330
98398965
58558009
55688337
23910623
81590864
61036804
21055001
22487923
50619758
86506041
16044084
79121179
34796732
24681622
50030574
84476365
11745216
93477110
88341011
94606296
19014505
29855283
25634889
44463710
48209536
28573109
33622362
89985391
98667582
50739228
61639952
44881474
74579704
81858566
97673785
39359890
61228022
14178045
29707978
33283219
43696865
81579136
56683552
55854991
67756634
97737132
38599266
45813410
36367143
46456711
10245633
90356494
69779464
35261802
81874529
22906428
99261736
79909768
72077074
46051664
60696495
59259294
60671543
19824500
75770041
49847303
36533360
80428752
87558303
74031474
93852964
22549134
83619035
35743907
97439870
20190441
17263364
50110764
27795112
29224569
32135304
20175993
81832734
48310499
44617985
32207157
11249771
49398312
10287817
50648091
60287655
97383841
38645726
97845420
26077484
42193735
47312095
76194444
67717859
62670238
82878771
51796474
35920183
87394878
39630409
23638123
83860140
70537087
72788601
16603457
54541448
83838784
81989385
79818029
76639919
42783693
86173982
64130445
73550731
49904742
38335844
16677035
27646168
12890154
19532646
40440933
57035812
17179900
12555955
64243118
35022002
26422762
75898659
49428381
11625210
50843367
49187876
27029222
54658229
65292170
79435344
94502635
80657085
46565950
98718833
54745960
47213258
82602066
47772578
53559115
13773375
73863231
74633207
83796544
16665320
30582881
33825987
77823547
44793683
32020163
79243523
57093139
85905992
30614803
74549227
43437259
84686950
98049205
21307530
94946907
54514291
15491740
87827088
83251135
69346257
97329644
77002104
36101390
94746596
73868892
88466752
97284327
83007411
86046018
19110919
29175782
86156185
35742727
54100388
64213784
71078994
56445435
76556519
19240013
35964060
71232808
28465729
20869528
62197095
93044532
60076167
38997765
98018396
14994501
39001194
16604155
82114592
55579581
52408150
43593283
14114939
47759015
19583550
15159382
26463510
40977208
90360858
65960940
56761989
87506487
57517517
40160780
70596507
98129300
55424294
87387336
70169760
61945749
90889582
60061021
43317390
33975814
29244858
94863028
60832101
91706638
79713616
64833540
74356779
80287645
58059700
27476756
13448452
93982850
63398478
40597790
79122281
63778073
47278905
12617423
10192392
94052513
13744554
44075628
91083832
64364844
19358459
91786126
66620568
65399599
46158547
50717070
51694787
12434617
57499252
67730043
50580657
33009729
58076193
72396104
25262637
14756248
45419818
38997635
67597550
37125245
89770389
13926720
23050197
44705487
46577387
58285204
12837058
64041309
71717660
52985533
57791507
32893402
57619728
54916319
93053755
30297196
28550603
64434537
27173626
66648547
88349755
15320086
81827646
90000775
88417185
25587984
65932566
96613898
82082970
87763119
25921103
68948892
27383753
11275614
34667181
30262301
65189539
58354590
89254088
26807918
19560535
58351908
65202688
83515744
58197976
10986526
23833118
94375630
44569224
96790804
74723080
77872071
80906626
78020713
11888161
87281251
66739588
93839035
25257143
84815736
34946745
82095331
88344478
16776262
34172232
98445399
47214034
71320364
47577687
59836431
84540230
83977554
49084421
54547016
79155376
21597909
54421082
24431552
86131889
53577281
53159081
30135358
34158935
67921260
35502426
67979519
56708796
36436719
97487075
11122871
82796363
92288066
93958357
62474438
19509923
37140595
81674258
15055096
35460755
21690115
66234269
85279225
40240325
57117533
73422730
61327316
13832824
95807091
14393108
57074598
61090534
35174775
43051469
94613987
98729284
96038835
18667376
22637380
12897640
67974022
60654674
62790732
98603524
12058620
47625463
15012214
19674384
33256968
78910017
10013693
93810630
30992993
76558404
43534663
25967175
64503286
48066485
35345647
75410523
32102286
30200448
72685654
96877952
36198904
86501093
41182614
45992204
56389161
71610249
92156328
96451157
48721865
16138795
75662986
80426492
83890765
88051810
75182091
24551258
65390671
59604697
92522703
44195759
36416751
97162736
51177929
69877518
40130365
21198521
29902881
38447820
67457572
27534384
24913261
67390903
95625006
27629194
32592264
37934592
19884704
74859055
30143627
60400967
61102784
57436758
72917723
55583807
79863735
10966588
82298844
27169150
72541457
10836993
27704388
22462820
34262112
79912863
12766090
59153829
67996544
91044615
72819324
32748020
62537462
46040154
72686960
53666509
37495666
15118273
26730207
27793268
85015785
51247581
57716885
63199115
21687070
16907941
69997888
55311415
98842627
12933712
68999395
66707824
93667564
99041445
82646682
63706432
56247896
34595644
83779367
33478670
21611029
76825370
81752559
64457682
40064197
17740189
10334790
33073988
40268747
86474952
65552982
88722049
63900169
68099790
76238440
57517870
66849945
98667825
80736642
39992888
93168634
67937617
96693037
23772151
30551301
32763698
44052206
26402212
73799177
88974528
49185888
38434544
67202163
93861811
56521069
80155953
23955353
88834189
78063913
51102135
67186851
90993728
92696011
75346877
43267606
11331310
99764680
71634427
99876862
67162056
52535694
74866649
98419768
87599511
89432538
48397885
55961177
30590681
26141366
34345221
65147710
61911555
87151506
33938961
89009842
39049318
88244990
52246263
20244789
72108716
39238914
27752666
48783855
80715521
50096027
89734613
49147185
80478542
41518802
26996624
27680675
17708704
47026937
60381685
58787088
50512679
64658181
18051325
33415771
36595203
55636388
53811260
48727609
94932409
70267515
24257418
32777131
26437466
87689436
86901479
70734086
29639268
24150455
62471411
97319469
96423066
14216331
31159630
77419091
43989017
93659761
88340285
25639133
62242714
14107986
15480183
80360933
18076099
18018745
11217805
95453659
11788202
28052931
72555846
95874791
34583347
69931058
42797736
16734420
96545698
53818273
13940096
38944227
99417171
34824033
37116905
44592797
71966757
22949856
86828384
39502515
75305633
55627135
21208611
58714690
64242356
24042209
49616820
86583464
43282166
96187605
41064061
92440829
40528296
42919517
13473037
97150513
76468797
29470427
53460480
48631695
54643927
13151997
86897428
55460274
83870809
53721591
54463334
44306396
59402970
51871666
36395302
18050332
37555734
79117255
44457565
95360834
22619385
56392392
62470328
64355798
81765476
23660310
97673450
39349619
27386667
14141626
98341207
96000627
75636454
24440702
33105506
15855625
68297944
53350608
91086498
80133500
38511634
48763445
13543844
99537068
56651522
72087498
91405018
56689149
81458963
42018957
13227287
74697143
82542083
67271236
72042038
77981181
58845906
68258573
96997979
24852200
77435350
57852292
75067729
60603072
50103148
16840074
33751638
59372873
54329400
74671974
83808129
68375790
37976416
34470563
11383738
80826812
60385299
78626103
98990361
88563510
83109234
36240905
45231450
54222675
22587158
24250706
27267871
45272765
10007977
95433982
52917229
79150699
85886738
90055292
95280099
19601903
13543027
18827793
33309320
36502492
41102425
27540669
56762683
63237084
34175441
21631271
43025893
68251721
84481971
39499571
64544368
98327762
94355906
40100280
27176744
91724067
19959105
36542572
99527875
31169920
62449638
24412325
55590078
28856698
27066513
72318880
36967014
74848973
60430106
44407918
25312883
53109593
80677187
29572604
86848335
21542075
92897741
24312253
10270452
12159368
69631270
71267958
69088882
60865061
47271871
80976421
57044624
70004422
85333372
60538383
71732490
38440705
66340037
78079589
30149753
89804046
89212986
54779154
82585041
30471710
53331331
24872740
24665860
80291924
24977733
53186772
31305667
53081316
43052592
98325300
64832100
83550535
48724021
81948148
22941919
29818264
19775189
45918672
91534706
24368270
82760853
49692186
88171365
16849431
20804110
90065128
95050253
93133088
55219513
70220696
61543831
73315142
42789809
19559968
20103583
27054469
70315214
52725884
24588907
79474943
40409790
71935449
23339172
22428320
23341208
25565373
25083400
51358572
43542770
51858256
56126543
84843392
25320502
90145364
21664068
14615085
96423370
30969737
76654984
69660062
22723662
10684009
11353929
17662573
76050829
68946121
36971869
81389150
57880894
96348945
62998007
86238742
62277560
57817071
14305156
72409130
43812059
84339757
58784052
83102559
85818990
64685366
17014113
67966413
30741458
68175213
86558234
95788984
42968180
82527431
44480725
89925742
50433824
77805197
84578674
72203989
73730295
61920332
37264354
24774768
55624672
90567650
69854671
50390835
25354965
60495877
47759857
70549203
83289159
79981276
63929744
93283638
68725551
86079947
19560342
28182282
82599987
57505356
64124752
79995890
50820336
56767352
74252481
63923546
24436202
41899430
93591203
13733611
35128205
10790314
97240315
82104090
27610975
56330303
53585495
57601499
62436933
85853823
62541479
81293044
95151215
97198606
87939126
21620972
50344416
93887319
38193859
38615458
96246941
76134894
62450624
43459577
13576818
47605653
73244198
70475057
28371035
92320602
81183859
79584849
65976342
61378910
63476162
17887936
33309379
82890032
60333189
86888564
66232628
35124439
71399008
37684034
29979735
58259566
53572261
51003987
30851645
91549674
70318440
45562438
34685688
17273407
92245907
48734187
75887873
99704984
40156534
43278120
96050127
40911287
25530314
62953732
64785225
79104586
71593190
71073854
65906778
55974186
69947968
13483030
65189104
18900272
46936640
54539957
17696417
15369391
11059386
36588904
32711449
51973710
15554529
58161932
62788896
89575684
64845394
15478433
57846955
66757679
99985668
52030888
89979714
53141275
30721740
78199633
78055976
52902416
92779654
85300834
33883804
91753221
26796894
26837167
20768043
41212659
45753788
23267145
74109488
91280965
86434506
53705140
31923050
99640171
65692323
49439311
99410616
17521294
19233945
23200728
63963486
24681123
45281288
46360424
20070151
73455329
99088602
87437040
17811393
14112462
66553322
33206190
90339846
16090753
83760504
68459237
27530719
43155232
71134731
90756852
83099352
22284257
61008306
86731119
41656722
19328446
72041190
22276570
80798071
63016885
90092683
91990788
24606728
92748601
99058837
83795070
48412242
50696888
19392072
25017271
20503807
78753303
69709749
80522760
41626867
39669038
13741810
87182728
28803477
96032267
79669713
55422124
49939189
15453255
95352891
40541895
25272807
91630451
16565210
46326786
36720537
42817693
74688882
31069360
67000314
58880498
70754775
22175936
23725381
98050045
13114127
17719116
43129262
25191822
67740932
47739342
47162023
92301750
18268273
66075343
17573998
42968219
54150405
55485816
28573143
75730020
75433357
40553811
21821084
38395149
99858163
35721403
28907379
75845584
55869020
69207322
42141635
62389192
30446613
83731708
46058080
82684173
21283116
34170798
75604465
12312560
40988956
19661586
30918387
61714388
27670560
60948098
66519510
81662119
39989288
89627359
56579909
60504956
50356457
10232757
16189059
55115847
23466639
16345228
93198004
38492558
83377102
47009964
71265828
22109974
18058448
44819283
36198468
43131685
38589439
76124390
12290508
68218294
84157096
57974089
50424529
38601239
74677987
32347368
55407432
17993048
32414365
68115829
81660639
75823937
59701070
73763802
32557081
86758531
34385401
83117488
67120331
42461257
74467153
51164735
61170950
95664053
94508858
63240266
56046265
65031251
50753039
56231276
48352225
10136412
66791070
44144882
20168539
26518181
15618377
57093209
89168807
53986637
43090124
48234739
35996843
56080927
43811612
38642645
43550994
19564146
82755289
59375511
76810046
92076373
32245230
58135073
20833274
97534130
81849837
13123090
26801573
38417631
53142819
91027667
40812361
64965232
77767036
76615579
31738907
93794417
77062062
49335853
65922857
35687848
82404508
50533473
54282760
85430446
27258174
17504324
77833333
88442595
73413854
61588100
21111877
50053638
26638454
71533839
87896389
49368537
99713681
65267018
84600183
12873968
62464590
94810603
23647193
33339420
46519172
32338164
76591840
65862254
66412671
35817933
72137348
67624810
36985191
57827068
91275893
32935754
90755777
70231427
42039019
37194731
19291791
32855126
67850907
64847577
97141523
94958071
40824645
42034034
50906930
84759088
13908025
68268403
60418796
27728027
14733753
27112870
92929587
37266541
42369939
42006561
75166657
52156041
87163047
21906086
99004737
98365280
96792032
63505579
72900091
30100747
69547148
33578807
50374896
72381325
32266293
38433916
21317872
48308191
28529432
48447658
97338878
28027760
21474086
19963872
61553594
35489415
88057895
15094107
28439636
50864379
81550364
15747388
71985169
64006267
79622789
69879309
11600981
67745023
35982160
43456554
55169141
16687225
26667515
37832968
72225687
52733119
43604531
61029836
40451284
26071526
13975436
49344758
64204553
10944841
88097755
45205178
90490811
95410985
96646065
73029359
95271460
83774191
42150260
25414432
72857566
70448396
93247387
28786753
98285355
50311041
51717765
69574524
83424991
80101115
72188023
16755752
98537579
13317910
90860977
40516827
45587778
77961515
15082233
77067331
96647967
57892616
17382994
17097240
79449068
76708600
98628193
20744796
92384955
46538178
75191292
54225880
90686654
29240402
84204363
68804576
64566772
72829948
17029812
30585470
69889299
48102268
17152925
85858312
29335841
31893288
89726159
51603290
66698147
81120820
49440502
41289014
76997484
39793569
74054084
15973556
69160598
23384900
79155766
82112743
19318543
39740911
25076591
98492814
92278475
59853886
49721536
45837172
16187671
32919808
81782089
98827877
15428366
47665471
69909304
91401165
82181540
13674222
22823984
11445614
26921311
13821870
70299846
38612413
80325670
80433340
76911269
83131738
94458802
25418747
55441873
70800555
88243489
25316762
86885768
58799636
35668777
37681378
30428357
82666196
22522345
53901471
29061854
80569855
38136155
96682664
69923277
52950036
14672998
33409420
54747019
81182906
79652881
94097370
74902552
52675868
91552209
98432269
72015512
95071198
57064195
25009554
34678295
40839226
25145205
37040632
83945837
67979068
94772638
72911027
39744061
11631638
45348334
63885709
19110048
63248960
92005418
33236797
14595184
50146541
80168118
66246275
21144851
25194106
57138477
47648079
17049189
78679281
63776198
75834560
95070610
22744061
33765612
89825449
92431630
49000380
98607297
94182234
24969837
97550093
55403084
54777002
93094424
39400477
42398081
27984954
64516463
48585847
43647418
48226208
57123388
13913163
83566560
72493210
95225040
38615597
58340489
53876892
89541827
49247308
28837935
59697075
73886860
50370290
36173337
19499688
51634114
77306714
85239339
30696088
85365003
31432864
74087335
85440262
22849610
37283936
13480011
60435908
79378516
71404286
93331930
78574598
55676694
62911743
96913673
20529695
22122820
43399236
87314016
78254557
12923677
51727824
22175096
12056005
77044934
26149034
25388346
18693955
99190760
49978069
95382715
76119043
33693689
47752995
54216531
19001891
41833554
55413310
83911557
64436353
21957038
34771504
60419391
32120715
69225781
95178481
27351399
39258401
74872107
83937339
66358696
96598694
79997556
43617471
41630019
91184288
92274118
33047537
58896245
17527629
62292461
57427124
63194496
32790413
34698820
83729390
66142159
47425109
26775424
80678690
53470709
10321224
99746384
90453975
18991184
74203619
38163330
40937084
39072671
16026677
40841598
49135576
36298754
87907712
13558722
94482951
75500487
45926156
45987699
86044990
90307251
75850082
32890770
48793097
32043205
81096080
52377179
53528570
25970819
44777761
30509547
19823108
42449492
81801331
12323114
37802018
70158971
25520678
66536917
18951320
23022512
31848881
68937511
64534482
19840733
45104910
26853027
66330856
66813042
24144278
48780033
89296579
62756709
75551335
64383154
51544281
87319497
91830017
19597970
61325716
23893898
50468208
88769706
83543633
72902851
79536676
66771587
33500604
89723484
81403065
72429432
27627395
47792833
80926099
27762612
27830053
33072911
42551261
27998713
96795657
24209518
61213769
28101864
39616106
68262111
14494488
43553089
85475055
24922833
89333697
40208455
39569641
61150804
59559739
56244799
71894440
84565861
89940456
52798614
84375034
17503079
91169310
52576802
33804738
37257395
45665793
54621744
39099462
66032867
60020126
87919906
57453081
87490176
83142482
64163479
88565134
78885414
92702540
15783709
87879991
56016501
51760271
77001619
74121266
27542041
21089595
83972922
59503743
54218250
80410892
92029429
54936443
10093696
41876107
26805271
18329181
38422354
98517239
10980394
48932538
70262608
46807451
50122203
37851427
68306239
84061497
31862789
46068716
33831154
57321890
48100312
33112712
33245697
93005415
30954150
71631017
78970153
17883210
74295744
74443917
56232245
58824550
70796882
88072524
76529046
51366380
84526045
75467239
73732017
14256375
10404877
79321473
84832183
48122658
72524788
39677942
70735221
45102378
82787496
54925662
63911393
47025823
32811239
64999611
42596971
21476149
28245067
46930659
18809070
29391408
41286480
97834056
36499661
46677628
76949763
41123410
85425320
41949657
36164298
24803560
63314234
17048243
18377802
71266574
53745106
41881743
89071992
60577704
14821355
67344162
60154560
82185053
42510186
63239676
54123595
38789783
82182517
83367265
73710193
95530918
66572395
81906232
98937403
80701828
83022595
21584285
92778771
21947699
71407364
66387729
87985034
51781315
40253214
71381969
13374406
52385648
93779684
71787716
86123015
30948072
62041703
24480909
31017428
69558953
17231472
30575425
84171206
40971401
11895513
21133106
83054832
33343695
92222856
35911914
85533161
26346751
47319945
76278708
11249017
69460148
30737607
45577171
41762652
36466085
35964519
92470742
86579637
71615817
58066370
51300739
47072658
92803095
24371324
74537200
20298264
31378663
78004293
57574450
80228427
88474996
65592364
83768236
79458556
90508291
60968219
16668937
72032080
61918620
69164147
64441668
37168104
30728695
37747141
66083172
54849330
37123699
51948073
42012870
46756172
36467903
40139071
28215826
22447248
36391067
48909760
82192336
13258304
51854265
71900736
68615955
49361615
97601085
56764674
88021459
42306122
82218340
22933751
79660377
87981409
27403456
29841749
45910355
95155350
65673889
57925585
74121095
74801665
25455120
45106680
92040484
70364605
95669621
78863919
33611316
56324339
42022104
10075694
88498177
90745924
57513778
13176361
40337606
51139400
27114479
29148586
75417740
56172055
83497329
65587742
90723279
56635331
34259043
18033590
52794198
83564991
77270272
60999485
72234849
16326120
68757110
85048382
57407374
53776231
68876590
72107696
49326513
19259553
51002769
38820365
22873004
99142641
91210935
97195555
16190840
64734727
91302967
55318776
10041024
50707420
77866013
72080472
81908652
94316881
74642297
32339581
15927099
26278371
77253268
14602713
53300937
20694925
32687678
99832834
11920315
46946371
11203130
67424139
93806822
69926396
81179290
40497174
32272720
72864219
94048433
21127390
73364092
40708929
12568579
71336461
13581720
97268517
15380155
27459858
25773337
89923741
50689650
55101971
59515526
53169866
86729645
90720123
11268353
78688957
71876606
95032062
26581559
46082310
64975433
57287081
96894066
24558939
27157796
16608292
93562699
24311778
93231960
82794120
29305853
54683419
77137669
73820887
51917526
94223085
41171809
54664604
42295750
34282955
59086624
73870490
63549187
28731718
30330562
75974819
75340188
15823950
53861896
13790672
79028350
14687736
41905412
41799548
10203584
17897306
25486379
74516177
34115480
88153659
89099112
57385614
51203352
87735461
29230722
31151490
96126854
67117546
72825696
24461460
16915065
22048503
12283137
55573895
22529129
98281518
86499105
81013836
41623475
94641028
41174777
14953361
90117834
16934080
16244729
61779953
76625707
64210815
92417188
19394119
83372755
55373137
73153287
48270500
82854913
25849175
15808859
49190947
81150194
31504806
53239865
39691552
27833381
41191362
70220626
26355009
79744215
72892458
62530550
22379645
51725895
48772014
56496579
76414303
67028502
98479138
18553428
86389974
46983238
24259518
81475095
33758617
55556581
88856213
63981373
46978228
72494787
54268848
32249930
23452724
61792222
63920839
12891084
31457643
47785695
55122075
70404392
31308769
59630397
54185459
73514127
60199127
46825728
85091249
77166224
35272569
88411552
41615887
27836360
27847583
81769356
52256820
38789184
17623494
58114829
31192999
17587828
71274539
75808161
67505751
40359715
66529232
62571798
90564113
38870479
14606473
50298146
84093325
42829820
86067203
28509519
37891676
75912632
32111121
95737493
60224125
56974666
84439300
75537045
78696976
24833275
14776242
93192432
42618786
87777019
95131417
58089922
23667239
20684402
40942622
12004670
94983685
35460517
25296366
64101479
41245004
88955840
75150213
31720425
55296388
66904518
75659341
75418770
38803104
87206674
70121054
53029232
27015310
91431944
12243940
74480007
14112624
19707998
58220191
85525551
15453796
71101568
16700931
46995720
65029247
79704613
99476735
44120860
27654745
96315372
79380955
86814991
49352386
68547378
27069370
52126341
21804179
75729215
22759568
26396959
46585561
19946444
11678676
53993671
66261222
74611302
92416314
78136748
96262331
30992948
54429773
64316288
97869827
96739238
77404980
56287094
62768639
14085171
84129612
35171800
14607534
24841146
28745314
84944054
80511384
57035914
63813642
32579639
54475773
41235614
78541981
23721347
30517439
69645271
88498987
85174041
43506860
28434177
94613257
19250567
95063384
46158174
83963128
88583734
56182312
56702362
20687053
67810164
20895389
75162085
97954973
71993009
95045426
63243757
36120294
33758554
62234636
49770372
26175942
93120939
62992272
10777950
98319106
77645082
47904267
79151040
30486227
68795868
85931952
40918474
34035637
48905452
38736502
84143184
11588815
74284843
86107788
92228170
60321530
85071650
97741562
11525089
67876847
94315491
23545942
96131881
84211730
27553695
42158958
46490325
93458413
11829415
32337482
13134017
27839493
29569928
53555017
70997529
94200860
75766835
10282938
26661591
98284585
92566798
84725760
98043221
91749984
61577904
62161539
50136229
18061471
85555828
54878552
25940211
99638303
52119856
63120647
30426198
88865024
75083031
92422759
92627821
63326011
70077393
97649562
55034841
49622280
44369200
79233287
86335000
84560521
63314058
91685243
41397386
66352948
80632447
57699017
74244586
18032579
97814915
95072523
36951271
25422402
79626122
18689927
94356195
58223045
99912398
61679661
73158983
57001660
17095616
92060861
91678081
52503903
75240457
25721222
18239003
12313795
31386939
75856329
99530617
13900943
86927641
37558216
49765247
27228330
22838781
46427975
99263472
58311608
83533672
53370829
73820986
67505602
96684405
55219245
11894344
28472419
42641285
46535207
57492484
73941908
34498120
81695573
90888294
81918827
32212575
20593214
98141086
81177093
74229010
48480649
91560026
58999167
46292906
77052620
82103476
93493406
85674989
67643777
55857980
21951631
74406196
97615129
59615005
75487560
14098602
34936491
35988334
57109004
26271651
39566021
88019991
66584206
74487830
43317091
98822494
69165101
33166649
87613310
82739341
94739166
40746808
19718843
86298562
89662120
52749201
47836996
34056787
77994568
72039311
98960052
60219995
22729844
95128544
88140076
96274918
92423356
52430677
50926467
80250932
79700877
99524534
93470746
23657646
39706064
13444416
49061965
19349091
58286255
68214589
94059909
73804860
39469176
24488253
69359082
61136580
41944182
98765750
16572046
52055499
60663606
65556645
96693442
80907340
84717952
19220872
77838024
42864324
58866891
51101817
27923472
23416777
79656059
66657022
61059097
47108821
42914665
14731734
82317182
59199575
42024288
94631799
53873784
47130713
35793621
42359737
61567726
80489124
90894107
19772365
67626806
69413654
58407909
25841019
87352232
34656306
55566329
92590723
89238879
63693650
21477236
49448741
94510348
64562167
20648756
73476925
83465718
98633793
39872229
68786694
11822738
23831802
73234348
76822271
66850618
83503308
96130153
31209322
43075117
21879921
50244452
44256717
51662776
39402852
54760684
74686126
13842861
77272733
93545573
97885521
21254868
38457093
19738486
90942728
42801676
21233455
22066730
89689556
16758987
15797025
45435147
91992560
39305171
77472473
26439432
34611188
45594897
15639656
40590855
63621368
64799707
75590163
20485133
11635630
93700843
53110112
58203648
68350102
84487350
15767986
80087738
34900774
16105419
86197413
91696864
23069239
20085625
71541898
10003538
17174542
99260543
42242238
58307467
69169594
46159401
25822159
28560617
38701457
39291536
35203332
78405040
83186991
79972632
21112091
55411516
44065525
15807640
91554475
12788714
60382066
56751385
69920849
31453148
47394654
58343213
89075714
54004457
83913152
77938153
39659136
59400484
68898351
36830976
29894248
19960071
62485941
74994045
92202813
55941455
56205724
62981645
24648073
75143441
10593606
80138682
73623894
18789094
98086056
40244917
60329307
17178101
86609263
21904859
78701600
40110498
23491572
40642902
84286246
96007579
75016225
50317823
88476264
28239395
19024242
82746876
65172809
61730729
70965140
11593059
54756910
76274207
99284007
48301751
78412196
48095986
54645359
71809953
22604067
42138400
73539103
72934883
32580231
99243163
68092101
21067509
49512727
25552952
30424371
37583056
10194553
76950164
34173470
99218940
22903647
16379548
11930906
38840962
95970072
93531472
27509779
12660397
58391638
93851247
89173262
78841967
98771899
59841020
44535435
14443551
36077936
14074345
92023264
73824949
40992085
86784993
51191106
29849506
80221106
28800355
16698826
87796429
86624854
72897461
79202719
64213812
68445981
30280780
36239067
78620089
39489656
83849569
69739353
30247454
18097636
62017522
33048593
47392806
61175408
80544519
26794670
89545643
35945709
30441744
71872206
23645262
28470962
86188011
93975253
63585096
96469129
56060929
69432302
15061471
46718906
25186704
72040480
96135413
21371825
78306563
64011528
41331534
46430845
53290425
28891010
98881225
24775796
62718765
35768626
52725440
62010490
46430438
89231955
25967711
61841432
20325157
61136329
33725611
16054611
35174854
28182301
39693547
11879632
64487094
11842421
33580211
51502739
80597651
80702118
68600462
52561123
66440926
10779872
16948807
75977162
49331295
36658568
90167892
64722745
82847894
66441763
84036296
57156569
38125549
75199348
73295898
37765775
21903626
13074881
99898334
61100679
19415380
97365900
37511667
95915510
31562067
75771318
25560611
76527627
38160330
36053351
47554320
88419121
10129902
27625175
39629485
75269856
95308338
69756601
97054051
77458720
72922685
63844548
18193491
82919964
25447549
60215903
56943291
91660629
38227944
74316589
85678194
26122784
99157645
40200448
28893115
52926647
98897316
61344670
88495079
37776112
67984431
25736787
88396328
80413297
71353609
47115729
67681925
80702762
84673047
26395424
69740741
55001823
13843074
99284931
93237255
52855635
93693471
53090153
88391919
20422675
81262320
20936013
20969467
22120284
92218180
56825899
45451891
21252394
52609401
30284510
53896575
39512158
74938210
90213147
41049170
59658762
20468547
54107716
21454468
72911837
50381433
94494954
94732542
80342694
46339767
84175586
33265806
99666822
33003627
35155074
60473115
82207287
90604350
98317945
29627890
23462258
67405242
90481096
82214974
67156226
22714119
94949217
11298531
34964942
36185690
32388785
31151254
29652159
28322869
90965124
40314029
94034000
60087724
82400268
82952790
87182221
47954200
17444139
42006337
94694013
97016349
51236423
62079168
90791622
13637852
59870357
53607469
32531425
82683188
50228785
61125305
31593906
80505653
85570071
64421862
19493768
75226504
21329376
29966595
32766362
17083093
47261271
74389673
90599572
95743750
55604676
78133848
91750055
10981751
63353286
15031087
56437818
99888952
27035609
64635335
23665854
52705912
17866670
21727135
88885171
52422748
23065979
80482134
36546439
75968354
77325330
38941723
62757077
85857802
29481334
83925048
35353603
25301147
65172038
75705721
38969608
88941029
11541440
49301276
89960479
72194155
92087348
39612798
12051694
90953106
77700249
40992481
43528711
81049501
22337468
28611060
98722155
55332155
61917701
48349453
69420113
59047859
69783086
44865009
10546850
90852157
64272787
21097666
46704414
61472253
53831839
95304454
75087516
90976413
67398630
61710927
23174766
79618054
38747218
33477005
62249187
95223738
90839924
72243308
27887589
75422289
41030140
82197739
67721923
61032205
50608452
88599547
80761610
79412124
24385926
83072335
40670476
21927147
59153326
38918342
72731010
75098914
60263755
78208627
78901325
10471231
64934686
24790469
95717976
73464274
40934488
93407258
67460306
57784402
39412055
35687864
71448731
21025571
92581771
81497671
25300357
16354839
55775237
68034863
57838242
98115558
20853348
57640851
45496335
20985284
31797868
80446343
42616895
55526083
42229981
34638418
50510317
71723697
32888834
49717158
48002179
10857427
93878512
38923830
90589140
31988899
25596369
31305590
78344649
25992156
80075703
65748353
20306399
86729830
53466776
54237971
25363108
17779171
20931915
68814904
76584174
96243585
66285699
14670657
46249452
46279088
53295336
30508501
95007687
28411662
52092755
56609311
16717940
52324197
41691814
26614053
81725337
73465674
35773255
96221496
43603558
49087159
33692222
65740497
85220050
62690767
25731202
46603930
91011237
17128238
91574778
64275171
69802471
20316437
40667872
13052841
81122326
83453402
39058619
56222754
86560687
51777261
97590445
70636351
53029898
37633315
77055321
26465489
83561807
64537646
43345135
84430024
51622681
47099950
11674069
15933334
23288869
99176032
63982707
40392497
50140726
92969588
41957275
47929912
99007753
78386941
30679060
47158189
12995312
73748098
71227074
71870816
64227726
60543921
53815667
97294573
26820398
75693235
62689736
50924892
24082880
98743579
35762622
57199718
16700656
93377911
30303192
82749783
30361316
63088009
95040747
93260175
72795283
34770320
62249093
13506722
14748733
27599167
91098619
44427039
41297162
80707535
82579086
67338734
45867075
57056944
55904569
53327955
87408423
60262235
74666650
68332687
44911723
98768963
39878138
28857125
68280274
23411433
51161467
49166394
31826020
93050127
69356253
77287317
80949838
99041796
72871916
30790599
53870934
44960414
75970058
20771300
66629496
29275718
39799253
65413999
14743970
87281197
25587572
79259732
65312413
27720579
80434854
63646954
95070233
46351209
63455825
19596551
59476978
87525473
30750200
57070270
54905514
91618812
61802581
99898245
19648457
94299816
79059038
18519221
52954079
55405134
25907307
84081609
42578566
13668736
54444652
95332632
94174420
92064872
32058750
50896440
95146365
32611653
19965908
36175245
34498069
11820802
35787988
18810865
21788786
56799476
57501630
87385217
35662896
82971569
45770759
88840834
77869006
63725063
67079876
45978607
67011957
60775584
21296962
61404192
23898329
30280752
71480882
89746968
28747576
28259672
13941889
71495531
79627803
53236806
85303370
58692621
12587001
77134805
18704429
71112720
57546925
54102513
44370588
28921099
37929216
46866973
23383449
61406712
50400457
46573587
58121517
76011658
55602690
90658638
74693262
28948363
14108935
84406210
60816484
92228461
10635948
73350098
51952827
53535228
98565379
99202758
36080310
15520587
22082190
88944607
98429559
91133583
20624768
73316896
88657535
13966237
82925565
53418861
94899263
13182435
40752128
61150855
40852628
97240389
62188736
94248664
25144416
85790079
34848059
29276474
34496129
80848160
78506066
63267516
89338064
23462515
69061492
24665866
97830274
31278120
15826050
47937444
34743390
62207780
49573714
93508545
15509513
47715554
75575887
96436159
64631293
54970884
96957630
87823429
42742424
50721786
41990555
11527799
20253393
35600461
66464034
60166741
43187973
82385033
94978793
31674545
72630895
19681989
19837610
63304266
85573559
19057616
10233759
76286730
98068257
17823110
70021721
36716902
65379580
93328324
90340892
24828576
77371525
93096102
61685070
57555934
51888738
33981762
28576569
61615703
11681992
20928764
46642512
60050748
27048769
30318124
92566822
24511666
92322749
94151969
69066543
25408389
15774553
49259901
83205148
68854135
35498144
37726684
13856824
64842751
23381615
77451307
20013500
82488666
52962871
88803562
31343919
23108568
62001009
15547448
73259620
36628910
41236545
73028010
70666877
82323112
65901315
63043129
36627627
67417104
45890850
78068079
79523321
78672596
40693456
43244820
84686478
44965635
59587295
16469634
14293152
37513076
57174463
20045973
13726070
91956229
77882516
15553471
63374359
15049345
87427571
18903736
59929876
64966683
82527290
96299602
72570607
19180567
78341866
15577639
18293000
12487137
65177338
82661217
71807028
90002007
63401420
90299061
54115859
40730868
49163593
36472722
53825654
62467116
53379952
60060238
65625029
58747362
88131917
26213345
51683988
33471641
47883341
80343080
67002064
85578937
41388566
84402707
20528639
96109848
64075528
73679857
42319574
20894322
66525469
34718728
86624733
91658421
48269744
51430673
18011016
81631259
88549703
50574992
12667221
42015935
79702138
16487895
64739590
90771740
17785896
42457889
95625219
14038328
84046999
95980899
74530762
33991370
78049524
77381563
41856755
38372213
80838760
43401477
23332447
75844403
45283795
41709325
49314557
67957325
90989735
57034718
51183928
86352646
63474276
45078073
82742913
68809048
60954283
62170401
21581812
68659030
99576065
85329427
63262889
38116912
17543971
58718548
16791066
13315413
31217025
44526818
81985452
31360819
26573784
58871052
43105305
70385903
95282974
34136711
53088574
10065517
63870388
39519061
72425941
92631983
89225923
64079987
41112352
11782470
42814925
35639475
21816566
62166964
61160756
95811571
77881736
22690575
45198193
20099548
48851340
40555321
24621366
39111717
74550486
24126959
68692893
89501302
19477119
93842544
12822509
62224662
25845398
80989588
97871422
31427312
82681234
11958132
22818541
13982408
91865411
69671896
21273287
47129368
79350118
89995674
75370627
74285828
91960428
16476803
83434502
99050159
38220534
64734258
45939414
84412395
58428169
33476596
15143467
24410429
61291446
92848010
27571111
54366163
27227401
63342228
84119136
76262977
59229349
31796524
66181004
78808573
58941712
38079944
49359341
34149164
93952119
59241861
60637807
52374002
63056900
73384719
60136758
92078284
10522328
10038971
89709341
35897903
97500866
97351213
65328659
97277408
47705105
34130878
16593523
15106699
89974946
75729595
88673758
64644342
99034971
28060804
97402041
97512019
77566009
24097259
18728852
83233578
64200490
36019395
91522677
27458945
39498695
